900
0
100
1300
1400
10800
1700
17300
17400
17500
17600
6000
600
11700
11800
6900
17010
5100
17700
17800
17900
18000
6100
10100
70
170
1470
10870
1770
10
20
3800
3710
4110
4010
21300
40
2600
3910
3500
4400
20900
21200
4300
30
110
120
4900
4520
24300
140
19300
14400
4700
4710
21100
18500
4500
4510
5000
130
1410
1420
22300
20720
1440
20800
20710
21400
1430
10810
10820
10840
10830
1710
1720
1740
1730
50
60
150
160
1450
1460
1750
1760
11750
11760
11850
11860
11500
27900
28000
18700
25700
27800
14100
14000
26401
26402
26403
15400
14500
14900
11900
12000
10900
12100
8900
400
16100
11400
5300
5400
25100
25000
25200
26700
26800
26900
27300
2500
2501
22000
22001
16800
16801
7300
10200
16500
19600
19800
19700
19900
7500
13100
18200
5500
27000
5600
27100
4800
8500
6300
6700
6400
6500
3000
19000
19100
19200
15300
15900
7200
12800
12400
1000
9900
5800
28100
13800
2410
9200
9300
5700
2400
8100
22200
1100
2100
7000
26300
125
501
22
15100
26500
122
1722
7100
3200
500
1500
7400
1800
24600
131
132
1731
24100
24200
12
11100
3100
112
12300
7401
11200
200
300
8000
8300
25900
16400
1411
1711
24900
10901
15000
12600
1600
141
1441
1421
101
111
7700
7701
7800
7801
10300
133
13500
21500
21501
24
8600
8700
9100
26200
20600
4711
20711
22400
27400
14600
13711
13712
13713
13741
13742
13743
13751
13752
13753
13761
13762
13763
13721
13722
13723
13771
13772
13773
13781
13782
13783
13731
13732
13733
23900
16700
27500
27600
20011
20012
20013
22100
12900
8800
18300
6211
6212
6213
6241
6242
6243
6221
6222
6223
6231
6232
6233
12200
10400
10410
10420
10500
25400
10600
10700
9400
9500
9600
25300
9700
9710
9720
9810
9820
9800
18400
18600
16200
23300
6600
8200
9000
5200
6800
13400
23400
16900
26000
26100
23100
11600
12500
23800
23700
13000
17220
17200
17225
17230
17210
20500
20510
23001
23002
23003
13600
18900
24700
13200
13300
23500
23600
14700
14800
8400
2612
121
3711
4521
24800
11
13900
11000
16000
7900
4522
2811
2611
2711
25600
25800
21
18100
2000
99999
21600
10000
124
12001
19500
27200
20200
20300
20400
24410
24420
15500
22911
22921
22931
22941
22951
23200
22600
24500
22301
23
26600
21000
11300
16600
21700
21800
12700
15200
18800
25500
16300
15600
15700
22500
27700
22700
